# Wavelength [m]   SNR per bin for 1h  Input flux
4.102564102564101835e-06 3.420048798868158962e-02 5.047883599683707985e+02
4.312952005259697236e-06 6.282720592715317076e-02 8.466029252815901600e+02
4.534129031170451288e-06 1.300426402966115558e-01 1.599558629921833926e+03
4.766648468666371280e-06 2.376626375818052528e-01 2.668310212246081846e+03
5.011091979880031650e-06 3.372805761623344778e-01 3.456791893422891008e+03
5.268071055771314282e-06 6.519180747129108555e-01 6.101417691883390034e+03
5.538228545810868317e-06 1.037740987946462967e+00 8.875652126269156724e+03
5.822240266108862455e-06 1.667265901202448664e+00 1.304514210689926404e+04
6.120816690011880586e-06 3.280076241096439471e+00 2.352220629411391201e+04
6.434704725397105644e-06 4.671485913729120476e+00 3.078785222845690078e+04
6.764689583109777815e-06 7.670796663642804880e+00 4.666364620609545818e+04
7.111596741217971810e-06 9.563219203207275143e+00 5.400907288361001702e+04
7.476294009998379600e-06 1.247214418104248956e+01 6.595024336847076484e+04
7.859693702818809519e-06 1.040539366778746100e+01 5.204736254581061803e+04
8.262754918347978977e-06 1.725909206176413235e+01 8.294316996630441281e+04
8.686485939801723139e-06 1.296835705651268178e+01 6.075382280494336010e+04
9.131946757227451923e-06 2.058528108207213236e+01 9.592259339839506720e+04
9.600251719136551978e-06 2.773398581973436805e+01 1.308516202290203801e+05
1.009257232011791388e-05 2.455395659272799236e+01 1.189905597222313227e+05
1.061014013140601281e-05 3.833350264561596532e+01 1.939633833335035888e+05
1.115424988173452481e-05 5.084517953908654420e+01 2.712557684114589938e+05
1.172626269618244842e-05 4.086462729785914405e+01 2.306001810887467582e+05
1.232760950111488306e-05 4.544640169427299270e+01 2.730437172831611824e+05
1.295979460373615803e-05 3.785872817743683072e+01 2.422248381998692639e+05
1.362439945520980729e-05 3.381597344126348759e+01 2.306234723087468301e+05
1.432308660675902627e-05 3.093939338882572443e+01 2.247893770119246037e+05
1.505760386864410640e-05 3.887834226234755164e+01 3.008314284022374777e+05
1.582978868242072620e-05 4.441376204621477797e+01 3.651117310790419579e+05
1.664157271741665897e-05 3.516991467657168613e+01 3.059660386319026002e+05
1.749498670292520523e-05 3.427686304979735610e+01 3.150545562370843836e+05
1.821618068524916522e-05 2.608457011644333789e+01 1.974869124199502112e+05
